mycobot_anchor:
  frame_id: map
  child_frame_id: mycobot_base_link
  x: -0.338416188955307
  y: 1.1060110330581665
  z: 0.80
  roll: 0.0
  pitch: 0.0
  yaw: 0.0

table:
  length: 0.90
  width: 0.70
  height: 0.80
